[?25l[0m [38;2;35;33;54m                                [0m  [38;2;217;182;145m𜷋[7m[38;2;227;189;147m𜴂[38;2;201;157;128m𜺨[0m[38;2;204;147;122;48;2;172;113;99m🭶[48;2;179;114;98m [38;2;180;114;100;48;2;180;114;98m▁[38;2;180;114;99m_[38;2;180;114;100m𜺠[0m[7m[38;2;161;104;94m🭦[0m [0m
 [38;2;35;33;54m                [0m [38;2;182;154;134m𜺠[38;2;224;188;150m🭈[38;2;214;179;146m▂[38;2;218;183;146m▃[38;2;236;196;153m▃▃[38;2;235;196;153m▃[38;2;235;195;153m▃[38;2;235;196;153m▃[38;2;235;196;154m▃▃[38;2;234;195;154m▃[38;2;232;192;151m▂[38;2;208;183;157m𜶻[38;2;234;195;151m🭊[7m[38;2;240;198;155m𜺨[0m[38;2;196;148;123;48;2;238;196;151m˛[38;2;145;98;88;48;2;232;191;147m🭈[38;2;168;107;96;48;2;228;181;142m🭂[38;2;156;92;91;48;2;177;112;98m🬏[38;2;179;113;98;48;2;178;111;99m🮂[38;2;180;114;100;48;2;178;112;99m▔▔[38;2;179;113;99m🭦[38;2;180;114;101;48;2;180;114;98m𜺫[0m[7m[38;2;176;112;99m🮈[0m [0m
[38;2;211;172;146m▁[38;2;238;195;161m▁[38;2;238;197;161m▁[38;2;214;202;177m▃[38;2;220;184;146m▃[38;2;222;183;143m▄[38;2;222;184;143m▄[38;2;222;183;143m▄[38;2;221;183;143m▄[38;2;204;169;135m▄[38;2;241;200;153m▂[38;2;241;199;154m▂[38;2;238;198;155m▂[38;2;203;170;138m▁[38;2;235;194;152m▃[7m[38;2;231;192;150m🬂[38;2;233;192;151m▔[38;2;238;196;153m΄[0m[38;2;241;200;156;48;2;242;200;154m▔[38;2;243;200;155;48;2;243;201;153m🭣[38;2;243;200;156m🬂[38;2;243;200;157;48;2;242;200;153m΄[38;2;244;202;154;48;2;243;201;153m⠐[38;2;244;202;155m🭷🭷🭷🭷🭷[38;2;244;200;153;48;2;243;200;152m⠁[38;2;242;200;156;48;2;242;200;153m¯[38;2;245;201;154;48;2;243;201;153m⠈[38;2;231;188;147;48;2;242;200;153m˛[38;2;225;181;149;48;2;242;200;152m▁[38;2;243;201;154;48;2;240;197;153m·[38;2;242;199;155;48;2;170;123;105m🬱[38;2;233;189;149;48;2;155;96;92m𜶻[38;2;204;149;128;48;2;153;91;90m𜺣[38;2;154;91;92;48;2;153;91;89m˙[38;2;155;90;87;48;2;177;111;100m🬓[48;2;177;112;99m [48;2;178;112;100m [38;2;177;112;101;48;2;178;112;99m𜺠[0m[38;2;179;113;99m🭝[7m[38;2;164;107;94m🭃[0m[38;2;38;34;54m [0m
[7m[38;2;158;106;95m🬓[0m[38;2;182;123;104;48;2;183;117;101m˙[38;2;225;175;143;48;2;183;119;102m⠈[38;2;246;198;158;48;2;185;123;104m▔[38;2;242;198;155;48;2;185;122;104m🮂[38;2;237;189;147;48;2;179;116;100m🬂[38;2;173;113;97;48;2;240;195;150m🬱[38;2;157;101;91;48;2;239;195;151m🬽[38;2;152;95;82;48;2;241;199;153m▁[38;2;153;94;84m▁[38;2;175;120;101;48;2;242;199;153m▁[38;2;234;189;149;48;2;242;200;152m_[38;2;169;137;111;48;2;242;201;153m▁[38;2;89;63;64;48;2;237;195;150m▁[38;2;80;53;57;48;2;235;193;149m▁[38;2;123;87;82;48;2;240;197;152m▂[38;2;124;79;77;48;2;241;199;152m▃[38;2;125;80;77m▃[38;2;236;193;151;48;2;165;113;100m𜵷[38;2;192;145;118;48;2;241;198;153m🬃[38;2;243;200;154;48;2;243;201;152m🬼[48;2;243;201;153m        [48;2;242;200;152m ▃[38;2;179;129;107;48;2;242;199;154m🬁[38;2;145;101;92;48;2;222;180;141m𜵳[38;2;189;138;115;48;2;224;205;179m🬂[38;2;157;120;106;48;2;241;237;222m🬆[38;2;153;116;102;48;2;238;234;217m🬂[38;2;143;104;95;48;2;238;234;215m🬂[38;2;127;79;79;48;2;238;235;217m🬂[38;2;242;239;219;48;2;153;107;100m▃[38;2;237;235;216;48;2;161;109;98m▁[38;2;178;112;101;48;2;152;97;90m·[0m[38;2;173;109;98m🭜[38;2;139;92;88m🭗  [0m
 [7m[38;2;173;114;101m🭏[38;2;178;118;102m🬼[0m[38;2;225;190;165;48;2;182;117;101m΄[38;2;180;118;101m΄[38;2;181;116;100;48;2;156;96;89m🭍[38;2;180;117;103;48;2;153;95;88m🬿[48;2;152;94;88m [38;2;150;93;86;48;2;151;93;88m▃[38;2;157;100;90;48;2;229;190;158m🭠[38;2;238;230;204;48;2;192;145;121m▃[38;2;141;114;99;48;2;244;243;217m🬂[38;2;116;97;92;48;2;248;247;221m🭘[38;2;200;194;178;48;2;253;252;224m▔[38;2;207;204;191;48;2;253;253;225m▔[38;2;207;205;188m▔[38;2;206;205;188m▔[38;2;133;125;114;48;2;247;245;220m🭢[38;2;142;122;106;48;2;247;244;220m🭣[38;2;137;121;104;48;2;232;221;197m𜴇[38;2;117;99;88;48;2;237;205;167m𜶠[38;2;166;130;113;48;2;237;195;149m🬼[38;2;244;202;154;48;2;243;201;153m⡀  [48;2;243;200;153m [38;2;242;200;152;48;2;237;174;136m🭝[38;2;243;164;128;48;2;243;200;153m▂[38;2;244;164;128m▂[38;2;245;165;129;48;2;242;200;152m▂[38;2;245;166;130;48;2;242;200;153m▂[38;2;128;91;83;48;2;239;189;147m🮈[38;2;91;70;66;48;2;232;229;210m▍[38;2;252;250;229;48;2;252;251;228m▏[38;2;250;252;228;48;2;252;251;227m▔[38;2;253;250;228;48;2;252;251;226m🭥[38;2;254;250;230;48;2;252;251;227m▔[38;2;253;250;230;48;2;252;251;228m▔[38;2;251;252;229m▁[38;2;252;252;229;48;2;251;251;228m·[38;2;240;239;220;48;2;76;72;81m🭍[0m[38;2;217;215;201m🬼   [0m
 [38;2;35;33;54m [0m [38;2;161;106;96m🭣[7m[38;2;177;114;100m🭑[38;2;175;113;98m🬽[38;2;181;116;102m▁[0m[38;2;150;98;91;48;2;176;113;98m🭿[38;2;195;172;158;48;2;148;96;89m▕[38;2;165;135;121;48;2;246;244;218m🭗[38;2;254;252;225;48;2;253;253;224m⠃[48;2;254;253;225m  [38;2;254;252;226;48;2;254;253;224m▁[48;2;253;253;224m▁[38;2;253;251;221;48;2;253;252;225m˛[38;2;253;252;224;48;2;252;251;226m🬂[48;2;253;251;225m🬀[48;2;253;251;226m [38;2;253;251;224m𜴘[38;2;138;127;119;48;2;246;231;205m🭢[38;2;227;188;147;48;2;109;86;84m▝[38;2;242;174;136;48;2;242;200;153m𜺠[38;2;248;161;125;48;2;243;198;151m🭊[38;2;242;194;148;48;2;250;158;122m𜴂[38;2;242;190;146;48;2;251;156;121m▔[38;2;250;157;122;48;2;219;132;108m🭝[38;2;191;109;101;48;2;252;156;121m▁▁▁[48;2;252;155;121m▁[38;2;181;103;95;48;2;247;153;118m▁[38;2;183;103;96;48;2;244;156;123m🭊[38;2;229;214;195;48;2;168;96;95m🮂[38;2;167;98;100;48;2;242;238;218m🭑[38;2;246;245;223;48;2;119;96;103m🭜[38;2;251;251;226;48;2;71;73;88m🮂[38;2;251;251;228;48;2;73;75;91m🮂[38;2;238;238;220;48;2;84;85;101m🭕[38;2;252;252;228;48;2;252;252;229m𜴱[38;2;249;252;229;48;2;251;251;228m𜴘[0m[7m[38;2;237;220;198m▕[0m [38;2;34;32;53m  [0m
 [38;2;35;33;54m     [0m  [7m[38;2;210;197;182m▌[0m[38;2;245;220;195;48;2;253;252;224m𜺣[48;2;253;253;225m [48;2;254;253;225m [38;2;254;253;225;48;2;243;242;218m˙[38;2;69;71;86;48;2;237;236;213m🭄[38;2;251;251;228;48;2;66;68;85m▔[38;2;250;251;229;48;2;69;71;87m▔[38;2;74;75;92;48;2;232;231;212m🭑[38;2;254;251;227;48;2;246;244;220m·[38;2;248;209;184;48;2;252;250;226m▂[38;2;250;245;219;48;2;250;197;167m🭜[38;2;248;194;165;48;2;239;176;149m🭝[38;2;243;163;131;48;2;115;84;80m🭍[38;2;228;166;135;48;2;251;156;121m΄[38;2;252;155;122;48;2;251;154;120m˙[38;2;174;99;91;48;2;250;155;121m𜷋[38;2;54;34;40;48;2;198;120;103m🭈[38;2;46;26;33;48;2;160;91;90m▄[38;2;163;92;91;48;2;96;55;61m🭔[38;2;167;92;96;48;2;168;94;93m🭈[38;2;167;95;90;48;2;167;93;95m▔[38;2;161;95;96;48;2;167;94;93m🭉[38;2;154;88;87;48;2;59;33;42m🬂[38;2;156;88;88;48;2;48;30;39m🬂[38;2;164;92;94;48;2;74;47;56m🭕[38;2;168;92;95;48;2;167;92;96m⡀[38;2;142;92;92;48;2;166;92;96m⠈[38;2;61;58;77;48;2;155;89;94m🭥[38;2;228;172;157;48;2;74;65;81m🭈[38;2;55;57;78;48;2;229;188;168m▘[38;2;253;250;230;48;2;250;199;169m🮂[38;2;251;196;166;48;2;248;238;215m🭂[0m[7m[38;2;246;193;165m▕[0m [38;2;34;32;52m  [0m
 [38;2;35;33;54m       [38;2;198;154;134m🭦[38;2;214;159;138;48;2;250;206;178m🬼[38;2;252;251;223;48;2;250;200;170m🬂[38;2;250;196;167;48;2;253;252;224m▄[38;2;254;254;224;48;2;244;216;191m˙[38;2;231;185;162;48;2;69;68;82m🭑[38;2;248;196;165;48;2;67;64;79m▂[38;2;248;195;166;48;2;71;68;82m▂[38;2;79;74;87;48;2;247;192;166m🭜[38;2;158;162;155;48;2;247;196;169m΄[38;2;252;195;166;48;2;252;194;165mʻ[38;2;248;193;164;48;2;252;193;164m🭵[38;2;246;187;157;48;2;249;159;125m🭗[38;2;251;156;120;48;2;253;156;121m´[38;2;246;154;123;48;2;252;155;121m▕[38;2;231;143;115;48;2;169;95;91m🭚[38;2;77;51;63;48;2;157;91;89m🮈[38;2;117;74;83;48;2;64;47;59m΄[38;2;43;26;37;48;2;63;46;58m˝[38;2;94;51;59;48;2;158;91;91m΄[38;2;167;92;96;48;2;167;93;93m𜺫[38;2;167;93;93;48;2;167;92;96m𜶻[38;2;163;93;97;48;2;166;92;96m🭢[38;2;160;89;92;48;2;92;58;66m🬿[38;2;142;88;90;48;2;62;47;61m▁[38;2;142;87;92;48;2;64;48;61m▁[38;2;104;60;69;48;2;156;88;91m🭬[38;2;167;93;96;48;2;167;94;93m🮂[38;2;168;93;96;48;2;168;94;93m🮂[38;2;223;163;146;48;2;167;94;94m🭤[38;2;119;88;86;48;2;244;186;160m▂[38;2;86;70;70;48;2;246;191;163m𜷋[38;2;232;182;157;48;2;82;64;65m🭜[38;2;226;178;155;48;2;72;57;66m𜺨[0m [38;2;35;33;54m  [0m
 [38;2;35;33;54m      [0m [38;2;229;190;157m🮈[38;2;175;130;110;48;2;236;186;151m╺[38;2;136;91;85;48;2;236;182;156m🬢[38;2;103;76;75;48;2;247;190;162m🬽[38;2;86;63;65;48;2;245;189;163m▁[38;2;95;72;71;48;2;252;194;166m▁[38;2;93;71;70m▁[38;2;93;71;72m▁[38;2;79;61;66;48;2;248;191;164m▁[38;2;93;69;71;48;2;236;183;158m🭈[38;2;134;93;85;48;2;237;183;156m▃[38;2;172;127;110;48;2;223;172;144m𜴋[38;2;226;149;120;48;2;248;163;128m΄[38;2;254;156;121;48;2;253;156;121m🬏[38;2;253;156;121;48;2;251;155;120m·[38;2;231;136;110;48;2;169;94;92m🬿[38;2;98;64;74;48;2;172;95;95m𜺫[38;2;86;59;68;48;2;166;91;95m🮂[38;2;166;92;95;48;2;105;68;75m🭂[38;2;157;92;91;48;2;168;93;93m΄[48;2;168;94;93m [38;2;167;93;94m▁[38;2;168;94;94;48;2;167;93;93m▔[38;2;167;94;93m🭶[38;2;167;93;93;48;2;168;94;93m𜺨[38;2;168;94;92;48;2;167;94;93m▔[38;2;165;94;95m˝[38;2;168;94;94m▁[38;2;149;77;84;48;2;167;93;93m🭇[38;2;139;69;79;48;2;164;90;94m▂[38;2;204;147;130;48;2;126;77;81m🬩[38;2;107;76;74;48;2;223;163;134m𜺨[38;2;247;164;133;48;2;193;125;106m🭂[38;2;214;140;125;48;2;239;158;129m˙[0m[7m[38;2;159;103;92m🭖[0m[38;2;46;39;57m  [0m
 [38;2;35;33;54m     [38;2;149;115;104m𜺠[38;2;202;153;128m🭄[7m[38;2;224;172;138m΄[0m[38;2;248;165;134;48;2;242;190;151m🭂[38;2;251;165;133;48;2;248;164;133m·[38;2;80;60;60;48;2;239;158;130m▔[38;2;97;68;70;48;2;234;153;126m🭣[38;2;81;59;64;48;2;236;154;127m🬂[38;2;83;60;66m🬂[38;2;100;71;73;48;2;235;155;127m🬂[38;2;102;72;75;48;2;223;159;130m🮂[38;2;137;92;84;48;2;226;177;144m🮂[38;2;186;128;107;48;2;238;192;155m🭗[38;2;195;142;119;48;2;235;188;152m𜴧[38;2;172;113;100;48;2;234;146;118m🬿[38;2;223;124;109;48;2;242;141;113m,[38;2;239;131;106;48;2;251;152;117m▄[38;2;243;137;109;48;2;174;98;89m🭝[38;2;104;62;66;48;2;230;129;107m▁[38;2;45;25;38;48;2;175;97;94m▁[38;2;47;28;40;48;2;158;89;90m▂[38;2;42;25;39;48;2;158;89;89m▂[38;2;56;34;45;48;2;164;92;91m▃[38;2;43;26;38;48;2;158;88;93m▃[38;2;160;89;92;48;2;51;31;42m🭜[38;2;167;92;96;48;2;55;33;45m🬂[38;2;167;94;94;48;2;54;33;44m🬂[38;2;52;31;44;48;2;156;87;89m▄[38;2;145;79;85;48;2;87;55;63m🭕[38;2;165;92;94;48;2;126;65;76m🮂[38;2;162;95;93;48;2;137;67;81m🭈[38;2;167;100;95;48;2;138;68;81m▃[38;2;215;159;137;48;2;164;96;95m🬉[38;2;179;115;103;48;2;239;189;150m▃[38;2;177;107;96;48;2;234;172;139m▃[38;2;241;163;132;48;2;183;113;99m🭘[38;2;121;81;79;48;2;172;105;95m⠈[0m[38;2;145;93;88m🭀 [0m
  [38;2;216;178;148m🭈[38;2;239;195;154m▃[7m[38;2;222;181;150m🬂[38;2;226;184;152m𜴂[38;2;231;175;143m𜺨[0m[38;2;208;147;116;48;2;241;190;153m▕[38;2;212;147;118;48;2;239;188;149m▎[38;2;243;189;150;48;2;249;165;135m𜶻[38;2;245;175;142;48;2;250;164;134m▁[38;2;249;165;133m▂[38;2;246;169;135;48;2;250;164;133m▁[38;2;245;169;136m▁[38;2;244;190;148;48;2;249;165;134m𜺠[38;2;248;168;136;48;2;242;192;154m🭚[38;2;246;172;138;48;2;240;194;155m𜺨[38;2;241;196;157;48;2;240;195;155m🬩[48;2;240;195;156m▖[38;2;240;194;157m🭢[38;2;240;194;159;48;2;236;191;154m˙[38;2;161;109;103;48;2;236;191;157m🬂[38;2;138;96;100;48;2;222;177;153m🭔[38;2;124;74;82;48;2;47;29;40m▔[38;2;43;22;33;48;2;42;26;38m▔[38;2;41;26;40;48;2;43;26;39m🮂[38;2;43;26;40;48;2;43;26;38m🮂⠉[38;2;43;26;39m🮂     [38;2;86;56;65;48;2;44;26;36m⠈[38;2;156;97;92;48;2;105;65;69m🮇[38;2;143;87;83;48;2;168;101;94m΄[48;2;169;102;94m  [38;2;170;106;97;48;2;168;102;94m⠈[38;2;169;102;94;48;2;174;105;96m𜶿[38;2;173;105;96;48;2;177;107;95m🬼[38;2;175;107;94;48;2;175;106;94m🬦[0m[7m[38;2;169;104;93m🮇[0m[38;2;56;45;60m [0m
[7m[38;2;225;184;150m🬂[38;2;234;191;153m🭗[0m[38;2;238;193;155;48;2;240;195;156m΄[38;2;240;195;155;48;2;240;196;157m▔[38;2;241;195;158;48;2;241;196;157m΄ [38;2;241;196;157;48;2;241;195;157m·[38;2;230;177;141;48;2;241;195;156m🮇[38;2;240;193;155;48;2;228;171;137m🭃[38;2;241;195;155;48;2;240;196;157m🭗[38;2;243;182;148;48;2;241;195;156m🭢[38;2;245;169;137m🮂[38;2;245;181;143;48;2;241;195;155m΄[38;2;241;195;152;48;2;241;195;156m🬀[38;2;241;196;157;48;2;242;195;156m🭂[38;2;241;194;158;48;2;241;196;157m𜺫[38;2;240;194;157;48;2;240;195;157m🭗[48;2;241;196;157m  [48;2;240;195;156m 🭤[38;2;239;194;155;48;2;240;194;157m🮇[38;2;238;192;163;48;2;130;95;96m▍[38;2;52;34;44;48;2;43;26;38m▎[38;2;66;43;59;48;2;43;26;39m▂[38;2;69;47;59;48;2;43;27;38m▄[38;2;43;28;39;48;2;73;49;62m🬂[38;2;116;69;73;48;2;68;43;54m🭈[38;2;66;41;52;48;2;149;91;89m🭜[38;2;160;96;89;48;2;68;42;52m▄[38;2;158;96;89;48;2;68;42;51m▄[48;2;68;42;50m▄[38;2;159;96;91;48;2;67;42;50m▄[38;2;150;92;89;48;2;65;40;48m🬽[38;2;141;91;87;48;2;50;29;39m▁[38;2;161;99;94;48;2;98;60;64m🮇[38;2;168;102;93;48;2;169;102;94m▍   [38;2;167;102;93m´[38;2;174;106;96m▔[38;2;176;107;97;48;2;170;103;94m🭥[38;2;132;86;85;48;2;171;104;94m⠈[0m[38;2;102;73;80m▏[0m
[38;2;240;195;156;48;2;241;196;157m🮇[38;2;242;194;156;48;2;240;195;156m🭺[38;2;241;194;156m▃[38;2;241;196;157;48;2;241;195;156m·[48;2;241;196;157m   [48;2;240;195;156m·[38;2;238;193;154m΄[48;2;241;196;157m           [38;2;241;196;157;48;2;240;195;156m+[38;2;240;195;155m🮇[38;2;147;107;102;48;2;236;191;155m🭦[38;2;131;93;93;48;2;73;48;59m𜶻[38;2;172;131;117;48;2;79;54;66m▁[38;2;218;144;123;48;2;88;58;66m▂[38;2;91;59;68;48;2;166;103;95m🭘[38;2;139;87;90;48;2;167;101;94m΄[48;2;169;102;94m     [38;2;170;103;95m¯[38;2;167;103;95;48;2;168;102;94m^[38;2;141;86;88;48;2;169;102;94m▔[38;2;170;102;92;48;2;168;102;94m⠁[48;2;169;102;94m     [38;2;170;102;93m˛[38;2;161;99;94m▕[0m[38;2;111;78;86m▏[0m
[38;2;238;193;154;48;2;240;195;156m⠂[38;2;241;196;157m·[38;2;240;195;157;48;2;241;196;157mʽ     [38;2;240;195;156;48;2;240;194;157m🭝[38;2;189;134;105;48;2;235;188;152m╻[38;2;234;182;149;48;2;240;194;156m,[48;2;240;196;157m [48;2;241;196;157m         [38;2;241;196;157;48;2;240;195;157m🭶[48;2;240;195;156m·[38;2;238;195;159;48;2;240;193;156m˙[38;2;236;160;129;48;2;237;188;152m𜷓[38;2;188;115;100;48;2;233;154;121m▁[38;2;207;132;111;48;2;170;102;95m▎[48;2;169;102;94m               [38;2;169;101;94;48;2;168;101;95m𜷂[0m[7m[38;2;143;91;88m🭋[0m [0m
[38;2;241;196;157;48;2;241;196;157m        [48;2;240;195;156m🭍[38;2;197;142;119;48;2;240;194;156m🭢[38;2;230;178;147;48;2;184;122;102m𜶽[38;2;181;114;99;48;2;232;181;147m▄[38;2;186;121;102;48;2;240;191;153m𜶻[38;2;194;130;111m▁[38;2;240;176;148;48;2;241;195;156m▁[38;2;240;194;156;48;2;241;196;157m▃[38;2;240;194;157;48;2;240;195;156m_[38;2;240;194;156;48;2;241;196;157m▂[38;2;241;194;156m▁[38;2;240;195;156;48;2;242;195;156m🭟[38;2;241;194;156;48;2;236;160;131m🭝[38;2;235;158;126;48;2;241;194;155m▃[38;2;182;110;98;48;2;235;166;134m🭇[38;2;170;103;94;48;2;230;152;124m𜷋[38;2;223;144;119;48;2;170;103;93m𜴂[38;2;209;133;114;48;2;169;102;94m΄[38;2;169;102;94;48;2;168;102;93m·[48;2;169;102;94m             [38;2;169;101;95;48;2;169;102;93m_[38;2;168;102;94;48;2;138;90;88m🭝[38;2;112;79;83;48;2;164;100;94m🭄[0m[38;2;104;74;81m▌ [0m
[38;2;240;170;140;48;2;241;195;156m🬼[48;2;241;196;157m        [38;2;240;195;156m🭢[48;2;241;195;157m𜴅[38;2;238;191;153;48;2;187;123;104m🭍[38;2;237;189;153;48;2;180;114;98m🬿[38;2;219;162;138;48;2;176;108;94m🬼[38;2;189;122;105;48;2;176;107;94m▔[38;2;214;147;122;48;2;175;106;94m🬂[38;2;238;178;145;48;2;181;112;98m🮂[38;2;238;179;145;48;2;181;112;96m🮂[38;2;235;169;137;48;2;180;112;97m🬂[38;2;236;165;133;48;2;181;113;98m🬂[38;2;230;153;122;48;2;177;109;95m🮂[38;2;224;143;119;48;2;175;106;96m𜺨[38;2;181;111;98;48;2;170;103;94m΄[38;2;171;104;94;48;2;169;102;93m_[48;2;169;102;94m              [38;2;169;102;94;48;2;168;101;94m·[38;2;122;82;82;48;2;166;101;94m🭇[38;2;166;100;93;48;2;113;79;83m🭜[38;2;145;93;91;48;2;106;75;81m🭗[38;2;101;63;71;48;2;106;72;78m╷[0m[7m[38;2;112;74;76m🭢[0m[38;2;100;70;76m🬖[0m
[38;2;211;134;115;48;2;236;166;134m🬾[38;2;236;159;131;48;2;241;193;155m🬼[38;2;241;196;157;48;2;240;196;157m·[48;2;241;196;157m       [48;2;240;195;156m·[38;2;240;195;154m⠠[38;2;181;122;102;48;2;231;180;147m*[38;2;184;122;103;48;2;235;184;151m𜶽[38;2;228;175;145;48;2;180;113;99m🬃[38;2;176;106;95;48;2;175;107;94m▃[38;2;175;106;94;48;2;176;106;96m🭜[38;2;175;106;96;48;2;175;106;94m𜵎[38;2;175;107;97;48;2;175;107;94m𜴀 [38;2;175;107;95m⠈[38;2;175;107;96m▔[38;2;175;107;93;48;2;174;107;94m𜴃[38;2;172;105;93m▔[38;2;170;102;94;48;2;174;106;94m🮂[38;2;168;103;93;48;2;174;106;96m🬂[38;2;174;107;96;48;2;169;102;94m▄[38;2;174;107;94;48;2;169;102;93m▃[38;2;174;106;94;48;2;169;102;94m▂▁[38;2;171;104;94;48;2;169;102;93m▁[38;2;169;102;94m_[48;2;169;102;94m     [38;2;168;101;93;48;2;168;102;93m⢀[38;2;153;92;87;48;2;167;101;93m🬉[38;2;116;79;83;48;2;162;98;93m🬂[38;2;90;56;62;48;2;147;93;91m🭈[38;2;112;75;78;48;2;91;57;67m🭊[38;2;89;56;66;48;2;114;74;76m🭗[38;2;115;74;77;48;2;115;75;76m▔[0m[38;2;102;69;76m▎[0m
[38;2;186;114;99;48;2;169;99;92m𜴚[38;2;188;112;95;48;2;231;158;129m🭼[38;2;231;154;128;48;2;241;191;153m🬼[38;2;241;195;157;48;2;240;196;157m🭔[38;2;241;196;157m·[48;2;241;196;157m      [48;2;240;195;156m [38;2;242;197;158m⠂[38;2;190;131;109;48;2;239;192;154m¯[38;2;237;190;153;48;2;183;119;103m🭑[38;2;223;168;140;48;2;175;107;95m🬼[38;2;175;107;94;48;2;175;106;96m🬚[38;2;178;108;96;48;2;175;107;94m▁▁[38;2;176;107;94;48;2;175;106;94m,[48;2;175;107;94m          [38;2;174;106;96m▔[38;2;171;103;94;48;2;174;107;94m▔[38;2;169;102;94;48;2;175;107;95m🭣🬂[38;2;176;106;96;48;2;170;103;94m𜶻[38;2;167;102;94m˛[38;2;138;87;86;48;2;169;101;93m▁[38;2;165;99;92;48;2;106;63;69m🭝[38;2;88;55;62;48;2;164;99;93m𜷋[38;2;103;65;70;48;2;159;98;93m🭂[38;2;87;55;61;48;2;114;74;75m🭗[48;2;115;75;76m  [38;2;118;73;77;48;2;114;75;75m▕[0m[38;2;109;69;75m▌[0m
[38;2;174;103;94;48;2;180;106;94m🭙[38;2;187;114;99;48;2;180;105;94m🬀[38;2;187;112;99;48;2;230;154;129m🭍[38;2;204;126;105;48;2;237;168;137m🬾[38;2;237;158;126;48;2;240;193;154m𜺣[38;2;240;195;156;48;2;241;196;157m▂▂       [48;2;241;195;157m▔[38;2;231;184;148;48;2;240;195;156m🭢[38;2;239;192;155;48;2;184;120;102m🭍[38;2;237;189;153;48;2;176;107;94m🬱[38;2;236;186;153;48;2;177;108;95m🬽[38;2;210;144;127;48;2;179;110;97m,[38;2;176;107;94;48;2;175;106;94m🬾[38;2;176;106;94;48;2;175;107;94m▃[38;2;176;107;94;48;2;175;106;94m𜴧[38;2;176;106;94;48;2;175;107;94m▃[38;2;177;107;95;48;2;175;106;94m🭺[38;2;175;107;94m·[38;2;176;106;94;48;2;175;107;94m▃▃▃▃[38;2;175;107;94;48;2;175;106;94m·[38;2;174;107;99;48;2;171;104;93m·[38;2;121;77;81;48;2;159;98;91m⎻[38;2;165;101;93;48;2;123;79;81m🭘[38;2;163;97;93;48;2;115;75;77m▔[38;2;164;97;93;48;2;116;75;76m΄[38;2;91;57;66;48;2;114;74;76m🮂[38;2;81;52;60m🮂[38;2;96;61;65m⠁[38;2;117;74;77;48;2;115;75;76m΄   [38;2;118;73;77;48;2;114;75;76m▕[0m[38;2;114;71;77m▌[0m
[?25h